49
A.Fiji.15899.83.AJ289702_1983              0.0000000 0.0345427 0.0917840 0.2376852 0.0528725 0.0508003 0.0303602 0.0352094 0.0454495 0.1549758 0.1184008 0.1435312 0.0796707 0.1703395 0.1676121 0.1703395 0.1737754 0.1526070 0.0848997 0.1090587 0.1543883 0.1583835 0.1713917 0.1720036 0.6585666 0.6239676 0.7627880 0.7169301 0.6928809 0.7624385 0.7330490 0.7330490 0.8651883 0.7624137 0.7345688 0.7230173 0.7576021 0.3344614 0.4147860 0.3868786 0.4289686 0.3686438 0.4278338 0.4592670 0.3134227 0.3259481 0.3149048 0.3261179 0.3114084 
A.Kiev.59.1979.M38353_1979                 0.0345427 0.0000000 0.0728791 0.2368934 0.0395400 0.0346861 0.0157698 0.0155482 0.0273676 0.1314724 0.0974302 0.1253884 0.0704644 0.1550658 0.1557578 0.1550658 0.1584024 0.1427988 0.0637777 0.0925022 0.1601560 0.1642326 0.1740553 0.1746836 0.6324575 0.5989463 0.7383656 0.7084111 0.6802329 0.7439777 0.7000500 0.7000500 0.8379108 0.7286461 0.7016490 0.6903190 0.7238480 0.3212906 0.4319931 0.3931270 0.4251234 0.3845262 0.4426458 0.4775470 0.2952025 0.3161266 0.2965554 0.3163467 0.2930768 
A.FortMonmouth.1.1947.U02085_1947          0.0917840 0.0728791 0.0000000 0.1828748 0.1114857 0.1056540 0.0768685 0.0703420 0.0599068 0.0608818 0.0376552 0.0855479 0.1240348 0.1175152 0.1094490 0.1175152 0.1206209 0.0751707 0.1327911 0.1664524 0.1114361 0.1203976 0.1431076 0.1435783 0.6145926 0.6131804 0.6874676 0.6449760 0.6783307 0.6928906 0.6451502 0.6451502 0.7879299 0.6644622 0.6392926 0.6284771 0.6596770 0.2764118 0.3725222 0.3273218 0.3659929 0.3201557 0.3999819 0.4072658 0.2447158 0.2717261 0.2457051 0.2721718 0.2423694 
A.BrevigMission.1.18.AF116575_1918         0.2376852 0.2368934 0.1828748 0.0000000 0.2534675 0.2575451 0.2230267 0.2271208 0.2197082 0.2615635 0.2301423 0.1811987 0.2939360 0.1383957 0.1328556 0.1383957 0.1416090 0.2678057 0.2951196 0.3092821 0.1359125 0.1387345 0.1575495 0.1580851 0.3727353 0.3887420 0.4429062 0.4126292 0.4172280 0.4280001 0.3728332 0.3728332 0.3257948 0.3970610 0.3793004 0.3812882 0.3964586 0.1156920 0.2142908 0.1675608 0.2085956 0.1590033 0.2662645 0.2423406 0.0831904 0.0930212 0.0775882 0.0989491 0.0750820 
A.SouthCarolina.6.1988.L19025_1988         0.0528725 0.0395400 0.1114857 0.2534675 0.0000000 0.0132896 0.0300559 0.0470855 0.0588782 0.1784560 0.1397905 0.1499549 0.0512571 0.1634213 0.1607229 0.1634213 0.1668449 0.1624750 0.0423065 0.0632158 0.1747484 0.1790541 0.1846793 0.1853690 0.6919020 0.6277159 0.7817678 0.7476976 0.7223675 0.7813559 0.7512901 0.7512901 0.8438269 0.7813079 0.7527805 0.7410065 0.7764471 0.3295121 0.4326671 0.4141899 0.4472170 0.3951081 0.4356362 0.5049885 0.3232887 0.3457448 0.3248729 0.3458184 0.3212978 
A.Yamagata.32.1989.D31949_1989             0.0508003 0.0346861 0.1056540 0.2575451 0.0132896 0.0000000 0.0279073 0.0421296 0.0553778 0.1716794 0.1335127 0.1510871 0.0413879 0.1647278 0.1619930 0.1647278 0.1681936 0.1600624 0.0324574 0.0527650 0.1734816 0.1778237 0.1834830 0.1841745 0.6989633 0.6595402 0.7948296 0.7555009 0.7346569 0.7943767 0.7482117 0.7482117 0.7838538 0.7781997 0.7497110 0.7379426 0.7733348 0.3202717 0.4410352 0.4019176 0.4557421 0.3831942 0.4371410 0.4984135 0.3156364 0.3377294 0.3171598 0.3378427 0.3136022 
A.Finland.4.1984.L33491_1984               0.0303602 0.0157698 0.0768685 0.2230267 0.0300559 0.0279073 0.0000000 0.0227898 0.0325211 0.1371585 0.1021446 0.1232457 0.0603713 0.1529172 0.1503089 0.1529172 0.1562572 0.1421760 0.0562466 0.0845391 0.1473694 0.1512879 0.1681435 0.1687407 0.6307150 0.5837989 0.7439380 0.6985234 0.6786632 0.7496117 0.7051417 0.7051417 0.8494296 0.7340796 0.7067402 0.7031082 0.7226738 0.3133878 0.4127965 0.3846871 0.4270829 0.3663463 0.4406121 0.4685566 0.2931149 0.3140225 0.2944573 0.3142541 0.2909701 
A.USSR.90.1977.K01331_1977                 0.0352094 0.0155482 0.0703420 0.2271208 0.0470855 0.0421296 0.0227898 0.0000000 0.0250416 0.1286705 0.0947518 0.1164817 0.0733090 0.1521742 0.1528715 0.1521742 0.1555045 0.1399404 0.0720641 0.1015557 0.1572834 0.1613375 0.1710592 0.1716730 0.6261157 0.5930357 0.7306233 0.6861799 0.6734515 0.7361992 0.6926659 0.6926659 0.8379108 0.7210150 0.6942787 0.6830305 0.7162289 0.3093547 0.4071500 0.3795028 0.4107171 0.3712266 0.4170887 0.4508880 0.2840501 0.3133472 0.2853128 0.3135799 0.2818807 
A.Lepine.1948.AB043479_1948                0.0454495 0.0273676 0.0599068 0.2197082 0.0588782 0.0553778 0.0325211 0.0250416 0.0000000 0.1099060 0.0867351 0.1142614 0.0808924 0.1418985 0.1401801 0.1418985 0.1451981 0.1311973 0.0797539 0.1089835 0.1522411 0.1484187 0.1658964 0.1664900 0.6496269 0.6334906 0.7414165 0.6965928 0.7096600 0.7470191 0.6975295 0.6975295 0.8902388 0.7259228 0.6991266 0.6878703 0.7211487 0.3077203 0.4180361 0.3792340 0.4217727 0.3707950 0.4262021 0.4563332 0.2858101 0.3158377 0.2871127 0.3160623 0.2836034 
A.Meguro.1.1956.AB043485_1956              0.1549758 0.1314724 0.0608818 0.2615635 0.1784560 0.1716794 0.1371585 0.1286705 0.1099060 0.0000000 0.0247637 0.1234509 0.1747512 0.1739709 0.1636986 0.1739709 0.1775513 0.0496622 0.1815930 0.2222362 0.1665853 0.1766854 0.2219215 0.2145201 0.7498503 0.7305950 0.8035409 0.7715998 0.7963979 0.8094056 0.7637567 0.7637567 1.1917746 0.7774924 0.7647321 0.7446851 0.7803012 0.3523437 0.4110016 0.3825090 0.4042462 0.3739502 0.4327254 0.4490861 0.3145274 0.3550118 0.3238222 0.3593137 0.3201635 
A.Kojiya.1.1952.AB043482_1952              0.1184008 0.0974302 0.0376552 0.2301423 0.1397905 0.1335127 0.1021446 0.0947518 0.0867351 0.0247637 0.0000000 0.1080986 0.1428250 0.1563184 0.1466628 0.1563184 0.1597857 0.0321814 0.1567170 0.1871690 0.1492906 0.1591425 0.1942051 0.1873412 0.7064392 0.6887312 0.7504069 0.7201615 0.7505026 0.7560472 0.7126449 0.7126449 1.0247267 0.7257600 0.7137559 0.6875391 0.7209661 0.3186465 0.4045226 0.3667466 0.3978545 0.3586120 0.4154339 0.4417571 0.2920999 0.3212644 0.2920008 0.3255667 0.2884460 
A.Huston.43.AF494251_1943                  0.1435312 0.1253884 0.0855479 0.1811987 0.1499549 0.1510871 0.1232457 0.1164817 0.1142614 0.1234509 0.1080986 0.0000000 0.1777767 0.1037606 0.0937734 0.1037606 0.1007956 0.1488223 0.1591888 0.2011820 0.1110233 0.1137869 0.1364840 0.1369155 0.6016278 0.5825877 0.6847773 0.6494266 0.6210538 0.6833696 0.6325093 0.6325093 0.7400625 0.6596032 0.6342873 0.6362603 0.6756101 0.2728558 0.3628765 0.3178630 0.3660491 0.3108770 0.3665144 0.3974367 0.2463776 0.2735827 0.2473816 0.2791876 0.2440291 
A.BuenosAires.T114.97.AF534026_1997        0.0796707 0.0704644 0.1240348 0.2939360 0.0512571 0.0413879 0.0603713 0.0733090 0.0808924 0.1747512 0.1428250 0.1777767 0.0000000 0.1953900 0.1924191 0.1953900 0.1990307 0.1561623 0.0626696 0.0791893 0.2026943 0.2074270 0.2063801 0.2072109 0.7240004 0.6701585 0.7843473 0.7303107 0.7554435 0.7834329 0.7691618 0.7691618 0.8357805 0.7833829 0.7549602 0.7432399 0.7785462 0.3418186 0.4284150 0.4103940 0.4535180 0.3915605 0.4569760 0.4782828 0.3245662 0.3468660 0.3261458 0.3469333 0.3226012 
A.PuertoRico.8.34.J02144_1934              0.1703395 0.1550658 0.1175152 0.1383957 0.1634213 0.1647278 0.1529172 0.1521742 0.1418985 0.1739709 0.1563184 0.1037606 0.1953900 0.0000000 0.0088478 0.0000010 0.0021852 0.1907597 0.1838856 0.2101247 0.0713299 0.0738987 0.0914221 0.0916527 0.5486201 0.5569891 0.6618147 0.6312213 0.6234226 0.6414286 0.5821932 0.5821932 0.7975843 0.6141931 0.5901284 0.5856026 0.6156089 0.2340719 0.3304203 0.2678681 0.3240752 0.2588180 0.3493061 0.3781113 0.2116964 0.2226788 0.2034419 0.2348046 0.2003073 
A.PuertoRico.8.1934.J04572_1934            0.1676121 0.1557578 0.1094490 0.1328556 0.1607229 0.1619930 0.1503089 0.1528715 0.1401801 0.1636986 0.1466628 0.0937734 0.1924191 0.0088478 0.0000000 0.0088478 0.0110961 0.1797664 0.1823577 0.2162996 0.0685848 0.0711312 0.0927481 0.0929858 0.5323457 0.5453319 0.6365753 0.6073269 0.6044907 0.6170268 0.5598940 0.5598940 0.7732972 0.5907745 0.5676082 0.5631229 0.5919506 0.2293133 0.3354531 0.2729136 0.3291441 0.2637957 0.3543887 0.3832046 0.2075832 0.2145596 0.1995394 0.2262771 0.1964691 
A.PuertoRico.8.1934.EF467821_1934          0.1703395 0.1550658 0.1175152 0.1383957 0.1634213 0.1647278 0.1529172 0.1521742 0.1418985 0.1739709 0.1563184 0.1037606 0.1953900 0.0000010 0.0088478 0.0000000 0.0021852 0.1907597 0.1838856 0.2101247 0.0713299 0.0738987 0.0914221 0.0916527 0.5486201 0.5569891 0.6618147 0.6312213 0.6234226 0.6414286 0.5821932 0.5821932 0.7975843 0.6141931 0.5901284 0.5856026 0.6156089 0.2340719 0.3304203 0.2678681 0.3240752 0.2588180 0.3493061 0.3781113 0.2116964 0.2226788 0.2034419 0.2348046 0.2003073 
A.Mongolia.111.1991.Z54288_1991            0.1737754 0.1584024 0.1206209 0.1416090 0.1668449 0.1681936 0.1562572 0.1555045 0.1451981 0.1775513 0.1597857 0.1007956 0.1990307 0.0021852 0.0110961 0.0021852 0.0000000 0.1944913 0.1875119 0.2139516 0.0740400 0.0766189 0.0942889 0.0945298 0.5422200 0.5507207 0.6547528 0.6244095 0.6166306 0.6345167 0.5756119 0.5756119 0.7975843 0.6074399 0.5835217 0.5789845 0.6087928 0.2380380 0.3349534 0.2720545 0.3286048 0.2628959 0.3445700 0.3731965 0.2154388 0.2265147 0.2071179 0.2387329 0.2039728 
A.Saga.2.1957.AB043486_1957                0.1526070 0.1427988 0.0751707 0.2678057 0.1624750 0.1600624 0.1421760 0.1399404 0.1311973 0.0496622 0.0321814 0.1488223 0.1561623 0.1907597 0.1797664 0.1907597 0.1944913 0.0000000 0.1939408 0.2174265 0.1859258 0.1964627 0.2263779 0.2188485 0.7263434 0.7037276 0.7470778 0.7098369 0.7436271 0.7314184 0.6889159 0.6889159 1.0275362 0.7017852 0.6900979 0.6643396 0.6969888 0.3387144 0.4001780 0.3890058 0.4146109 0.3703240 0.4285189 0.4405928 0.3206005 0.3515467 0.3206904 0.3558318 0.3170589 
A.Beijing.262.95.AY289928_1995             0.0848997 0.0637777 0.1327911 0.2951196 0.0423065 0.0324574 0.0562466 0.0720641 0.0797539 0.1815930 0.1567170 0.1591888 0.0626696 0.1838856 0.1823577 0.1838856 0.1875119 0.1939408 0.0000000 0.0424141 0.1913367 0.1960096 0.2007549 0.2015624 0.7136639 0.6729173 0.8058689 0.7818192 0.7444126 0.8118294 0.7644096 0.7644096 0.8119983 0.7952027 0.7658943 0.7614408 0.7981808 0.3572136 0.4738776 0.4362810 0.4825056 0.4159439 0.4591284 0.5353693 0.3535532 0.3831758 0.3554391 0.3830658 0.3516910 
A.Alaska.1173.00.AY029287_2000             0.1090587 0.0925022 0.1664524 0.3092821 0.0632158 0.0527650 0.0845391 0.1015557 0.1089835 0.2222362 0.1871690 0.2011820 0.0791893 0.2101247 0.2162996 0.2101247 0.2139516 0.2174265 0.0424141 0.0000000 0.2178043 0.2229047 0.2203332 0.2212788 0.6765598 0.6376057 0.7760683 0.7477259 0.6876984 0.7550467 0.7301027 0.7301027 0.7947557 0.7550319 0.7268608 0.7151323 0.7501382 0.3672385 0.5006067 0.4408304 0.4941187 0.4205838 0.4820274 0.5395858 0.3584922 0.3880479 0.3603997 0.3922717 0.3566819 
A.Tokyo.3.1967.U38242_1967                 0.1543883 0.1601560 0.1114361 0.1359125 0.1747484 0.1734816 0.1473694 0.1572834 0.1522411 0.1665853 0.1492906 0.1110233 0.2026943 0.0713299 0.0685848 0.0713299 0.0740400 0.1859258 0.1913367 0.2178043 0.0000000 0.0110423 0.0435102 0.0435984 0.5746432 0.5647730 0.6411561 0.6112724 0.6319898 0.6211943 0.5628796 0.5628796 0.6736420 0.5944023 0.5707472 0.5795860 0.6094398 0.2431552 0.3283052 0.2824951 0.3218729 0.2729232 0.3703074 0.3666710 0.2201508 0.2275004 0.2117380 0.2397553 0.2122818 
A.WS.33.U08904_1933                        0.1583835 0.1642326 0.1203976 0.1387345 0.1790541 0.1778237 0.1512879 0.1613375 0.1484187 0.1766854 0.1591425 0.1137869 0.2074270 0.0738987 0.0711312 0.0738987 0.0766189 0.1964627 0.1960096 0.2229047 0.0110423 0.0000000 0.0428626 0.0429483 0.5707897 0.5484292 0.6224763 0.5934736 0.6136880 0.6030575 0.5460803 0.5460803 0.6764917 0.5768927 0.5538145 0.5623855 0.5914641 0.2380327 0.3405484 0.2943099 0.3341464 0.2844851 0.3631819 0.3694303 0.2308275 0.2383436 0.2222650 0.2507962 0.2228370 
A.WSN.1933.CY010788_1933                   0.1713917 0.1740553 0.1431076 0.1575495 0.1846793 0.1834830 0.1681435 0.1710592 0.1658964 0.2219215 0.1942051 0.1364840 0.2063801 0.0914221 0.0927481 0.0914221 0.0942889 0.2263779 0.2007549 0.2203332 0.0435102 0.0428626 0.0000000 0.0043999 0.6143289 0.6057727 0.6774440 0.6419068 0.6778681 0.6666222 0.6050109 0.6050109 0.6183025 0.6382858 0.6132047 0.6227215 0.6544765 0.2608634 0.3471888 0.2912180 0.3407312 0.2813920 0.3917332 0.3651948 0.2443801 0.2565024 0.2352993 0.2698107 0.2359289 
A.WilsonSmith.1933.DQ508905_1933           0.1720036 0.1746836 0.1435783 0.1580851 0.1853690 0.1841745 0.1687407 0.1716730 0.1664900 0.2145201 0.1873412 0.1369155 0.2072109 0.0916527 0.0929858 0.0916527 0.0945298 0.2188485 0.2015624 0.2212788 0.0435984 0.0429483 0.0043999 0.0000000 0.6193245 0.6106014 0.6831582 0.6472029 0.6835213 0.6721821 0.6099685 0.6099685 0.6596893 0.6435685 0.6182305 0.6278626 0.6599510 0.2621160 0.3361124 0.2811852 0.3297003 0.2716727 0.3797527 0.3535579 0.2454809 0.2577012 0.2363296 0.2711190 0.2369658 
A.goose.HongKong.8.1976.U46021_1976        0.6585666 0.6324575 0.6145926 0.3727353 0.6919020 0.6989633 0.6307150 0.6261157 0.6496269 0.7498503 0.7064392 0.6016278 0.7240004 0.5486201 0.5323457 0.5486201 0.5422200 0.7263434 0.7136639 0.6765598 0.5746432 0.5707897 0.6143289 0.6193245 0.0000000 0.0711877 0.1455156 0.1436384 0.0940760 0.1483934 0.1473326 0.1473326 0.1326425 0.1437133 0.1474552 0.1611916 0.1716848 0.4489520 0.5515711 0.5172058 0.5131338 0.5008853 0.5817748 0.5083564 0.4027202 0.4318512 0.3896822 0.4266150 0.3835156 
A.duck.Australia.749.80.AF091312_1980      0.6239676 0.5989463 0.6131804 0.3887420 0.6277159 0.6595402 0.5837989 0.5930357 0.6334906 0.7305950 0.6887312 0.5825877 0.6701585 0.5569891 0.5453319 0.5569891 0.5507207 0.7037276 0.6729173 0.6376057 0.5647730 0.5484292 0.6057727 0.6106014 0.0711877 0.0000000 0.1718819 0.1672376 0.1247101 0.1695005 0.1750431 0.1750431 0.1989976 0.1779956 0.1795043 0.2044730 0.2238761 0.4384842 0.5698757 0.5176355 0.5383953 0.4893941 0.5848258 0.5471421 0.4037054 0.4326306 0.3907496 0.4274421 0.3846177 
A.mallard.Tennessee.11464.85.AF091311_1985 0.7627880 0.7383656 0.6874676 0.4429062 0.7817678 0.7948296 0.7439380 0.7306233 0.7414165 0.8035409 0.7504069 0.6847773 0.7843473 0.6618147 0.6365753 0.6618147 0.6547528 0.7470778 0.8058689 0.7760683 0.6411561 0.6224763 0.6774440 0.6831582 0.1455156 0.1718819 0.0000000 0.0575418 0.1653274 0.0513539 0.0871160 0.0871160 0.0907566 0.0679307 0.0707814 0.0874537 0.1049231 0.4973736 0.5610373 0.5979927 0.5648279 0.5663642 0.5963687 0.4807466 0.4821871 0.5096316 0.4673181 0.5117759 0.4602192 
A.duck.Alberta.35.76.U47310_1976           0.7169301 0.7084111 0.6449760 0.4126292 0.7476976 0.7555009 0.6985234 0.6861799 0.6965928 0.7715998 0.7201615 0.6494266 0.7303107 0.6312213 0.6073269 0.6312213 0.6244095 0.7098369 0.7818192 0.7477259 0.6112724 0.5934736 0.6419068 0.6472029 0.1436384 0.1672376 0.0575418 0.0000000 0.1702804 0.0730239 0.1055199 0.1055199 0.0897364 0.0853652 0.0883929 0.1118193 0.1304862 0.4594454 0.5139511 0.5544570 0.5572959 0.5246150 0.5746209 0.4847448 0.4431055 0.4809070 0.4291123 0.4901456 0.4224590 
A.duck.HK.196.1977.D00839_1977             0.6928809 0.6802329 0.6783307 0.4172280 0.7223675 0.7346569 0.6786632 0.6734515 0.7096600 0.7963979 0.7505026 0.6210538 0.7554435 0.6234226 0.6044907 0.6234226 0.6166306 0.7436271 0.7444126 0.6876984 0.6319898 0.6136880 0.6778681 0.6835213 0.0940760 0.1247101 0.1653274 0.1702804 0.0000000 0.1613120 0.1766417 0.1766417 0.1124611 0.1796451 0.1839446 0.1917595 0.2110614 0.4606841 0.5879705 0.5536337 0.5731337 0.5364252 0.5939571 0.5049377 0.4403908 0.4767281 0.4431411 0.4926607 0.4363645 
A.teal.Alberta.141.1992.CY004539_1992      0.7624385 0.7439777 0.6928906 0.4280001 0.7813559 0.7943767 0.7496117 0.7361992 0.7470191 0.8094056 0.7560472 0.6833696 0.7834329 0.6414286 0.6170268 0.6414286 0.6345167 0.7314184 0.8118294 0.7550467 0.6211943 0.6030575 0.6666222 0.6721821 0.1483934 0.1695005 0.0513539 0.0730239 0.1613120 0.0000000 0.0545947 0.0545947 0.0807170 0.0419732 0.0445519 0.0548125 0.0706713 0.4903256 0.5598077 0.5804870 0.5534385 0.5498846 0.5701269 0.5029349 0.4753730 0.4903536 0.4607851 0.4854260 0.4538234 
A.pintail.Ohio.25.1999.CY017725_1999       0.7330490 0.7000500 0.6451502 0.3728332 0.7512901 0.7482117 0.7051417 0.6926659 0.6975295 0.7637567 0.7126449 0.6325093 0.7691618 0.5821932 0.5598940 0.5821932 0.5756119 0.6889159 0.7644096 0.7301027 0.5628796 0.5460803 0.6050109 0.6099685 0.1473326 0.1750431 0.0871160 0.1055199 0.1766417 0.0545947 0.0000000 0.0000010 0.0000010 0.0200531 0.0178029 0.0318993 0.0416760 0.4537197 0.5575155 0.5651193 0.5584435 0.5349848 0.5593111 0.4928518 0.4503098 0.4579132 0.4362232 0.4594896 0.4295211 
A.Teal.Ohio.72.1999.CY017717_1999          0.7330490 0.7000500 0.6451502 0.3728332 0.7512901 0.7482117 0.7051417 0.6926659 0.6975295 0.7637567 0.7126449 0.6325093 0.7691618 0.5821932 0.5598940 0.5821932 0.5756119 0.6889159 0.7644096 0.7301027 0.5628796 0.5460803 0.6050109 0.6099685 0.1473326 0.1750431 0.0871160 0.1055199 0.1766417 0.0545947 0.0000010 0.0000000 0.0000010 0.0200531 0.0178029 0.0318993 0.0416760 0.4537197 0.5575155 0.5651193 0.5584435 0.5349848 0.5593111 0.4928518 0.4503098 0.4579132 0.4362232 0.4594896 0.4295211 
A.BrantGoose.1.1917.AY095226_1917          0.8651883 0.8379108 0.7879299 0.3257948 0.8438269 0.7838538 0.8494296 0.8379108 0.8902388 1.1917746 1.0247267 0.7400625 0.8357805 0.7975843 0.7732972 0.7975843 0.7975843 1.0275362 0.8119983 0.7947557 0.6736420 0.6764917 0.6183025 0.6596893 0.1326425 0.1989976 0.0907566 0.0897364 0.1124611 0.0807170 0.0000010 0.0000010 0.0000000 0.0301802 0.0383948 0.0631214 0.0805499 0.3350359 0.5672988 0.5673178 0.5790491 0.5278737 0.5149612 0.4800237 0.4233743 0.4050667 0.4050327 0.4050667 0.3834195 
A.mallard.ALB.267.1996.CY004504_1996       0.7624137 0.7286461 0.6644622 0.3970610 0.7813079 0.7781997 0.7340796 0.7210150 0.7259228 0.7774924 0.7257600 0.6596032 0.7833829 0.6141931 0.5907745 0.6141931 0.6074399 0.7017852 0.7952027 0.7550319 0.5944023 0.5768927 0.6382858 0.6435685 0.1437133 0.1779956 0.0679307 0.0853652 0.1796451 0.0419732 0.0200531 0.0200531 0.0301802 0.0000000 0.0065562 0.0201344 0.0343113 0.4460774 0.5366208 0.5443534 0.5501523 0.5147514 0.5641001 0.4847275 0.4426714 0.4502385 0.4286619 0.4517431 0.4220024 
A.duck.NJ.771770.1995.EU026110_1995        0.7345688 0.7016490 0.6392926 0.3793004 0.7527805 0.7497110 0.7067402 0.6942787 0.6991266 0.7647321 0.7137559 0.6342873 0.7549602 0.5901284 0.5676082 0.5901284 0.5835217 0.6900979 0.7658943 0.7268608 0.5707472 0.5538145 0.6132047 0.6182305 0.1474552 0.1795043 0.0707814 0.0883929 0.1839446 0.0445519 0.0178029 0.0178029 0.0383948 0.0065562 0.0000000 0.0224944 0.0368078 0.4492399 0.5396268 0.5473026 0.5404771 0.5177713 0.5544248 0.4758915 0.4458464 0.4533969 0.4318627 0.4549246 0.4252124 
A.mallard.Alberta.211.1998.AY633212_1998   0.7230173 0.6903190 0.6284771 0.3812882 0.7410065 0.7379426 0.7031082 0.6830305 0.6878703 0.7446851 0.6875391 0.6362603 0.7432399 0.5856026 0.5631229 0.5856026 0.5789845 0.6643396 0.7614408 0.7151323 0.5795860 0.5623855 0.6227215 0.6278626 0.1611916 0.2044730 0.0874537 0.1118193 0.1917595 0.0548125 0.0318993 0.0318993 0.0631214 0.0201344 0.0224944 0.0000000 0.0201254 0.4517141 0.5426463 0.5503286 0.5435121 0.5206257 0.5704467 0.4786133 0.4483082 0.4558956 0.4342553 0.4574519 0.4275713 
A.mallard.MD.403.2002.EU026082_2002        0.7576021 0.7238480 0.6596770 0.3964586 0.7764471 0.7733348 0.7226738 0.7162289 0.7211487 0.7803012 0.7209661 0.6756101 0.7785462 0.6156089 0.5919506 0.6156089 0.6087928 0.6969888 0.7981808 0.7501382 0.6094398 0.5914641 0.6544765 0.6599510 0.1716848 0.2238761 0.1049231 0.1304862 0.2110614 0.0706713 0.0416760 0.0416760 0.0805499 0.0343113 0.0368078 0.0201254 0.0000000 0.4756347 0.5836898 0.5782795 0.5716536 0.5474298 0.5985102 0.5046959 0.4607046 0.4684916 0.4462622 0.4701962 0.4393839 
A.swine.29.37.U04857_1937                  0.3344614 0.3212906 0.2764118 0.1156920 0.3295121 0.3202717 0.3133878 0.3093547 0.3077203 0.3523437 0.3186465 0.2728558 0.3418186 0.2340719 0.2293133 0.2340719 0.2380380 0.3387144 0.3572136 0.3672385 0.2431552 0.2380327 0.2608634 0.2621160 0.4489520 0.4384842 0.4973736 0.4594454 0.4606841 0.4903256 0.4537197 0.4537197 0.3350359 0.4460774 0.4492399 0.4517141 0.4756347 0.0000000 0.1383920 0.1024009 0.1394147 0.0955112 0.2093016 0.1898084 0.0448727 0.0679786 0.0431892 0.0735458 0.0432800 
A.swine.Ehime.1.80.X57494_1980             0.4147860 0.4319931 0.3725222 0.2142908 0.4326671 0.4410352 0.4127965 0.4071500 0.4180361 0.4110016 0.4045226 0.3628765 0.4284150 0.3304203 0.3354531 0.3304203 0.3349534 0.4001780 0.4738776 0.5006067 0.3283052 0.3405484 0.3471888 0.3361124 0.5515711 0.5698757 0.5610373 0.5139511 0.5879705 0.5598077 0.5575155 0.5575155 0.5672988 0.5366208 0.5396268 0.5426463 0.5836898 0.1383920 0.0000000 0.0672370 0.0396632 0.0617264 0.1226317 0.0787648 0.1452539 0.1777052 0.1448059 0.1758658 0.1451446 
A.swine.Illinois.63.X57493_1963            0.3868786 0.3931270 0.3273218 0.1675608 0.4141899 0.4019176 0.3846871 0.3795028 0.3792340 0.3825090 0.3667466 0.3178630 0.4103940 0.2678681 0.2729136 0.2678681 0.2720545 0.3890058 0.4362810 0.4408304 0.2824951 0.2943099 0.2912180 0.2811852 0.5172058 0.5176355 0.5979927 0.5544570 0.5536337 0.5804870 0.5651193 0.5651193 0.5673178 0.5443534 0.5473026 0.5503286 0.5782795 0.1024009 0.0672370 0.0000000 0.0549391 0.0088450 0.1566780 0.1233767 0.1049294 0.1280367 0.0988586 0.1266244 0.0962178 
A.swine.NewJersey.11.76.K00992_1976        0.4289686 0.4251234 0.3659929 0.2085956 0.4472170 0.4557421 0.4270829 0.4107171 0.4217727 0.4042462 0.3978545 0.3660491 0.4535180 0.3240752 0.3291441 0.3240752 0.3286048 0.4146109 0.4825056 0.4941187 0.3218729 0.3341464 0.3407312 0.3297003 0.5131338 0.5383953 0.5648279 0.5572959 0.5731337 0.5534385 0.5584435 0.5584435 0.5790491 0.5501523 0.5404771 0.5435121 0.5716536 0.1394147 0.0396632 0.0549391 0.0000000 0.0546876 0.1422857 0.0918576 0.1335737 0.1586320 0.1331766 0.1396793 0.1334868 
A.swine.Wisconsin.1.61.AF091307_1961       0.3686438 0.3845262 0.3201557 0.1590033 0.3951081 0.3831942 0.3663463 0.3712266 0.3707950 0.3739502 0.3586120 0.3108770 0.3915605 0.2588180 0.2637957 0.2588180 0.2628959 0.3703240 0.4159439 0.4205838 0.2729232 0.2844851 0.2813920 0.2716727 0.5008853 0.4893941 0.5663642 0.5246150 0.5364252 0.5498846 0.5349848 0.5349848 0.5278737 0.5147514 0.5177713 0.5206257 0.5474298 0.0955112 0.0617264 0.0088450 0.0546876 0.0000000 0.1560631 0.1228593 0.0980991 0.1205508 0.0921993 0.1192162 0.0896102 
A.swine.Thailand.271.2005.EF101749_2005    0.4278338 0.4426458 0.3999819 0.2662645 0.4356362 0.4371410 0.4406121 0.4170887 0.4262021 0.4327254 0.4154339 0.3665144 0.4569760 0.3493061 0.3543887 0.3493061 0.3445700 0.4285189 0.4591284 0.4820274 0.3703074 0.3631819 0.3917332 0.3797527 0.5817748 0.5848258 0.5963687 0.5746209 0.5939571 0.5701269 0.5593111 0.5593111 0.5149612 0.5641001 0.5544248 0.5704467 0.5985102 0.2093016 0.1226317 0.1566780 0.1422857 0.1560631 0.0000000 0.1293735 0.2235531 0.2618677 0.2226602 0.2592705 0.2232201 
A.swine.HongKong.273.1994.U45452_1994      0.4592670 0.4775470 0.4072658 0.2423406 0.5049885 0.4984135 0.4685566 0.4508880 0.4563332 0.4490861 0.4417571 0.3974367 0.4782828 0.3781113 0.3832046 0.3781113 0.3731965 0.4405928 0.5353693 0.5395858 0.3666710 0.3694303 0.3651948 0.3535579 0.5083564 0.5471421 0.4807466 0.4847448 0.5049377 0.5029349 0.4928518 0.4928518 0.4800237 0.4847275 0.4758915 0.4786133 0.5046959 0.1898084 0.0787648 0.1233767 0.0918576 0.1228593 0.1293735 0.0000000 0.1938431 0.2228020 0.1931269 0.2205306 0.1936062 
A.swine.Iowa.15.1930.U47305_1930           0.3134227 0.2952025 0.2447158 0.0831904 0.3232887 0.3156364 0.2931149 0.2840501 0.2858101 0.3145274 0.2920999 0.2463776 0.3245662 0.2116964 0.2075832 0.2116964 0.2154388 0.3206005 0.3535532 0.3584922 0.2201508 0.2308275 0.2443801 0.2454809 0.4027202 0.4037054 0.4821871 0.4431055 0.4403908 0.4753730 0.4503098 0.4503098 0.4233743 0.4426714 0.4458464 0.4483082 0.4607046 0.0448727 0.1452539 0.1049294 0.1335737 0.0980991 0.2235531 0.1938431 0.0000000 0.0300632 0.0043632 0.0348519 0.0043716 
A.swine.Iowa.15.1930.X57492_1930           0.3259481 0.3161266 0.2717261 0.0930212 0.3457448 0.3377294 0.3140225 0.3133472 0.3158377 0.3550118 0.3212644 0.2735827 0.3468660 0.2226788 0.2145596 0.2226788 0.2265147 0.3515467 0.3831758 0.3880479 0.2275004 0.2383436 0.2565024 0.2577012 0.4318512 0.4326306 0.5096316 0.4809070 0.4767281 0.4903536 0.4579132 0.4579132 0.4050667 0.4502385 0.4533969 0.4558956 0.4684916 0.0679786 0.1777052 0.1280367 0.1586320 0.1205508 0.2618677 0.2228020 0.0300632 0.0000000 0.0252373 0.0185465 0.0252884 
A.swine.Iowa.15.1930.EU139823_1930         0.3149048 0.2965554 0.2457051 0.0775882 0.3248729 0.3171598 0.2944573 0.2853128 0.2871127 0.3238222 0.2920008 0.2473816 0.3261458 0.2034419 0.1995394 0.2034419 0.2071179 0.3206904 0.3554391 0.3603997 0.2117380 0.2222650 0.2352993 0.2363296 0.3896822 0.3907496 0.4673181 0.4291123 0.4431411 0.4607851 0.4362232 0.4362232 0.4050327 0.4286619 0.4318627 0.4342553 0.4462622 0.0431892 0.1448059 0.0988586 0.1331766 0.0921993 0.2226602 0.1931269 0.0043632 0.0252373 0.0000000 0.0299500 0.0000010 
A.AlmaAta.1417.1984.S62154_1984            0.3261179 0.3163467 0.2721718 0.0989491 0.3458184 0.3378427 0.3142541 0.3135799 0.3160623 0.3593137 0.3255667 0.2791876 0.3469333 0.2348046 0.2262771 0.2348046 0.2387329 0.3558318 0.3830658 0.3922717 0.2397553 0.2507962 0.2698107 0.2711190 0.4266150 0.4274421 0.5117759 0.4901456 0.4926607 0.4854260 0.4594896 0.4594896 0.4050667 0.4517431 0.4549246 0.4574519 0.4701962 0.0735458 0.1758658 0.1266244 0.1396793 0.1192162 0.2592705 0.2205306 0.0348519 0.0185465 0.0299500 0.0000000 0.0300110 
A.swine.StHyacinthe.148.1990.U11703_1990   0.3114084 0.2930768 0.2423694 0.0750820 0.3212978 0.3136022 0.2909701 0.2818807 0.2836034 0.3201635 0.2884460 0.2440291 0.3226012 0.2003073 0.1964691 0.2003073 0.2039728 0.3170589 0.3516910 0.3566819 0.2122818 0.2228370 0.2359289 0.2369658 0.3835156 0.3846177 0.4602192 0.4224590 0.4363645 0.4538234 0.4295211 0.4295211 0.3834195 0.4220024 0.4252124 0.4275713 0.4393839 0.0432800 0.1451446 0.0962178 0.1334868 0.0896102 0.2232201 0.1936062 0.0043716 0.0252884 0.0000010 0.0300110 0.0000000 
